t # 0 19
v 0 0
v 1 0
v 2 0
v 3 1
v 4 0
v 5 2
v 6 0
v 7 1
v 8 1
v 9 1
v 10 0
v 11 0
v 12 0
v 13 0
v 14 0
v 15 0
v 16 0
v 17 0
v 18 0
e 0 1 0
e 0 2 0
e 2 3 0
e 2 4 0
e 3 5 0
e 4 6 0
e 5 7 0
e 5 8 0
e 5 9 0
e 6 10 0
e 6 9 0
e 7 11 0
e 8 12 0
e 10 13 0
e 11 14 0
e 11 15 0
e 12 16 0
e 12 15 0
e 14 17 0
e 16 18 0

t # 1 39
v 0 0
v 1 0
v 2 0
v 3 0
v 4 1
v 5 0
v 6 0
v 7 0
v 8 2
v 9 0
v 10 0
v 11 0
v 12 1
v 13 1
v 14 1
v 15 0
v 16 0
v 17 0
v 18 0
v 19 0
v 20 0
v 21 0
v 22 0
v 23 0
v 24 0
v 25 0
v 26 0
v 27 0
v 28 0
v 29 0
v 30 0
v 31 0
v 32 0
v 33 0
v 34 0
v 35 0
v 36 0
v 37 0
v 38 0
e 0 1 0
e 0 2 0
e 1 3 0
e 2 4 0
e 2 5 0
e 3 6 0
e 3 7 0
e 4 8 0
e 5 9 0
e 6 10 0
e 7 11 0
e 8 12 0
e 8 13 0
e 8 14 0
e 9 15 0
e 9 13 0
e 10 16 0
e 11 16 0
e 12 17 0
e 14 18 0
e 15 19 0
e 15 20 0
e 17 21 0
e 17 22 0
e 18 23 0
e 18 21 0
e 19 24 0
e 20 25 0
e 22 26 0
e 22 27 0
e 23 28 0
e 24 29 0
e 25 29 0
e 26 30 0
e 27 31 0
e 28 32 0
e 30 33 0
e 31 33 0
e 32 34 0
e 32 35 0
e 34 36 0
e 35 37 0
e 36 38 0
e 37 38 0

t # 2 21
v 0 0
v 1 0
v 2 1
v 3 3
v 4 0
v 5 0
v 6 0
v 7 0
v 8 0
v 9 0
v 10 0
v 11 4
v 12 0
v 13 0
v 14 0
v 15 0
v 16 0
v 17 0
v 18 0
v 19 0
v 20 0
e 0 1 0
e 0 2 0
e 0 3 0
e 3 4 0
e 3 5 0
e 4 6 0
e 4 7 0
e 5 8 0
e 5 9 0
e 6 10 0
e 6 11 0
e 7 12 0
e 8 13 0
e 8 11 0
e 9 14 0
e 10 15 0
e 10 16 0
e 12 15 0
e 13 17 0
e 14 17 0
e 15 18 0
e 16 19 0
e 18 20 0
e 19 20 0

t # 3 24
v 0 4
v 1 1
v 2 1
v 3 1
v 4 0
v 5 0
v 6 0
v 7 0
v 8 0
v 9 0
v 10 0
v 11 0
v 12 3
v 13 0
v 14 0
v 15 0
v 16 4
v 17 0
v 18 0
v 19 1
v 20 1
v 21 1
v 22 0
v 23 3
e 0 1 0
e 0 2 0
e 0 3 0
e 0 4 0
e 4 5 0
e 4 6 0
e 5 7 0
e 5 8 0
e 6 9 0
e 7 10 0
e 8 11 0
e 9 12 0
e 9 11 0
e 10 13 0
e 13 14 0
e 13 15 0
e 14 16 0
e 14 17 0
e 15 18 0
e 16 19 0
e 16 20 0
e 16 21 0
e 17 22 0
e 18 22 0
e 22 23 0

t # 4 10
v 0 0
v 1 0
v 2 4
v 3 4
v 4 1
v 5 1
v 6 1
v 7 1
v 8 1
v 9 1
e 0 1 0
e 0 2 0
e 1 3 0
e 2 4 0
e 2 5 0
e 2 6 0
e 3 7 0
e 3 8 0
e 3 9 0

t # 5 16
v 0 3
v 1 5
v 2 0
v 3 1
v 4 1
v 5 1
v 6 0
v 7 0
v 8 0
v 9 0
v 10 0
v 11 0
v 12 0
v 13 0
v 14 6
v 15 0
e 0 1 0
e 0 2 0
e 1 3 0
e 1 4 0
e 1 5 0
e 2 6 0
e 2 7 0
e 3 8 0
e 4 9 0
e 6 10 0
e 7 11 0
e 8 12 0
e 9 13 0
e 10 14 0
e 10 15 0
e 11 15 0

t # 6 10
v 0 0
v 1 1
v 2 1
v 3 0
v 4 0
v 5 0
v 6 1
v 7 0
v 8 0
v 9 0
e 0 1 0
e 0 2 0
e 0 3 0
e 3 4 0
e 3 5 0
e 4 6 0
e 4 7 0
e 5 8 0
e 7 9 0
e 8 9 0

t # 7 18
v 0 0
v 1 0
v 2 0
v 3 0
v 4 0
v 5 0
v 6 1
v 7 0
v 8 0
v 9 0
v 10 0
v 11 0
v 12 0
v 13 1
v 14 1
v 15 0
v 16 1
v 17 1
e 0 1 0
e 1 2 0
e 1 3 0
e 2 4 0
e 2 5 0
e 3 6 0
e 3 7 0
e 4 8 0
e 4 9 0
e 5 10 0
e 5 11 0
e 7 12 0
e 7 8 0
e 8 13 0
e 9 14 0
e 11 15 0
e 11 14 0
e 12 16 0
e 12 17 0

t # 8 26
v 0 4
v 1 4
v 2 0
v 3 0
v 4 0
v 5 0
v 6 0
v 7 0
v 8 3
v 9 0
v 10 0
v 11 3
v 12 0
v 13 0
v 14 1
v 15 1
v 16 0
v 17 1
v 18 1
v 19 0
v 20 3
v 21 3
v 22 1
v 23 1
v 24 1
v 25 1
e 0 1 0
e 0 2 0
e 1 3 0
e 2 4 0
e 2 5 0
e 3 6 0
e 3 7 0
e 4 8 0
e 4 9 0
e 5 10 0
e 6 11 0
e 6 12 0
e 7 13 0
e 8 14 0
e 8 15 0
e 9 16 0
e 10 16 0
e 11 17 0
e 11 18 0
e 12 19 0
e 13 19 0
e 16 20 0
e 19 21 0
e 20 22 0
e 20 23 0
e 21 24 0
e 21 25 0

t # 9 20
v 0 4
v 1 4
v 2 0
v 3 0
v 4 0
v 5 0
v 6 0
v 7 0
v 8 3
v 9 0
v 10 0
v 11 3
v 12 0
v 13 0
v 14 1
v 15 1
v 16 0
v 17 1
v 18 1
v 19 0
e 0 1 0
e 0 2 0
e 1 3 0
e 2 4 0
e 2 5 0
e 3 6 0
e 3 7 0
e 4 8 0
e 4 9 0
e 5 10 0
e 6 11 0
e 6 12 0
e 7 13 0
e 8 14 0
e 8 15 0
e 9 16 0
e 10 16 0
e 11 17 0
e 11 18 0
e 12 19 0
e 13 19 0

t # 10 13
v 0 0
v 1 0
v 2 0
v 3 0
v 4 0
v 5 0
v 6 0
v 7 0
v 8 0
v 9 1
v 10 1
v 11 1
v 12 1
e 0 1 0
e 0 2 0
e 0 3 0
e 0 4 0
e 1 5 0
e 2 6 0
e 5 7 0
e 6 8 0
e 7 9 0
e 7 10 0
e 8 11 0
e 8 12 0

t # 11 22
v 0 4
v 1 4
v 2 0
v 3 0
v 4 0
v 5 0
v 6 0
v 7 0
v 8 0
v 9 0
v 10 0
v 11 0
v 12 0
v 13 0
v 14 0
v 15 0
v 16 0
v 17 0
v 18 1
v 19 1
v 20 1
v 21 1
e 0 1 0
e 0 2 0
e 1 3 0
e 2 4 0
e 2 5 0
e 3 6 0
e 3 7 0
e 4 8 0
e 5 9 0
e 6 10 0
e 7 11 0
e 8 12 0
e 9 12 0
e 10 13 0
e 11 13 0
e 12 14 0
e 13 15 0
e 14 16 0
e 15 17 0
e 16 18 0
e 16 19 0
e 17 20 0
e 17 21 0

t # 12 20
v 0 4
v 1 4
v 2 0
v 3 0
v 4 0
v 5 0
v 6 0
v 7 0
v 8 0
v 9 0
v 10 0
v 11 0
v 12 0
v 13 0
v 14 1
v 15 1
v 16 0
v 17 1
v 18 1
v 19 0
e 0 1 0
e 0 2 0
e 1 3 0
e 2 4 0
e 2 5 0
e 3 6 0
e 3 7 0
e 4 8 0
e 4 9 0
e 5 10 0
e 6 11 0
e 6 12 0
e 7 13 0
e 8 14 0
e 8 15 0
e 9 16 0
e 10 16 0
e 11 17 0
e 11 18 0
e 12 19 0
e 13 19 0

t # 13 42
v 0 4
v 1 4
v 2 0
v 3 0
v 4 0
v 5 0
v 6 0
v 7 0
v 8 0
v 9 0
v 10 0
v 11 0
v 12 0
v 13 0
v 14 3
v 15 3
v 16 0
v 17 0
v 18 0
v 19 1
v 20 0
v 21 1
v 22 0
v 23 0
v 24 0
v 25 0
v 26 0
v 27 0
v 28 0
v 29 0
v 30 0
v 31 0
v 32 0
v 33 0
v 34 0
v 35 0
v 36 0
v 37 0
v 38 0
v 39 0
v 40 0
v 41 0
e 0 1 0
e 0 2 0
e 1 3 0
e 2 4 0
e 2 5 0
e 3 6 0
e 3 7 0
e 4 8 0
e 5 9 0
e 6 10 0
e 7 11 0
e 8 12 0
e 9 12 0
e 10 13 0
e 11 13 0
e 12 14 0
e 13 15 0
e 14 16 0
e 15 17 0
e 16 18 0
e 16 19 0
e 17 20 0
e 17 21 0
e 18 22 0
e 20 23 0
e 22 24 0
e 23 25 0
e 24 26 0
e 25 27 0
e 26 28 0
e 27 29 0
e 28 30 0
e 29 31 0
e 30 32 0
e 31 33 0
e 32 34 0
e 33 35 0
e 34 36 0
e 35 37 0
e 36 38 0
e 37 39 0
e 38 40 0
e 39 41 0

t # 14 12
v 0 4
v 1 0
v 2 0
v 3 0
v 4 0
v 5 0
v 6 0
v 7 0
v 8 0
v 9 0
v 10 4
v 11 0
e 0 1 0
e 1 2 0
e 1 3 0
e 2 4 0
e 2 5 0
e 3 6 0
e 4 7 0
e 4 8 0
e 5 9 0
e 6 8 0
e 7 10 0
e 7 11 0
e 9 11 0

t # 15 12
v 0 5
v 1 1
v 2 3
v 3 1
v 4 0
v 5 0
v 6 0
v 7 0
v 8 0
v 9 0
v 10 0
v 11 0
e 0 1 0
e 0 2 0
e 0 3 0
e 0 4 0
e 1 5 0
e 4 6 0
e 4 7 0
e 5 8 0
e 6 9 0
e 7 10 0
e 9 11 0
e 10 11 0

t # 16 12
v 0 5
v 1 3
v 2 3
v 3 4
v 4 0
v 5 3
v 6 3
v 7 0
v 8 0
v 9 0
v 10 0
v 11 0
e 0 1 0
e 0 2 0
e 0 3 0
e 0 4 0
e 1 5 0
e 2 6 0
e 4 7 0
e 4 8 0
e 7 9 0
e 8 10 0
e 9 11 0
e 10 11 0

t # 17 23
v 0 5
v 1 3
v 2 3
v 3 3
v 4 1
v 5 0
v 6 0
v 7 0
v 8 0
v 9 0
v 10 0
v 11 0
v 12 0
v 13 0
v 14 0
v 15 0
v 16 0
v 17 0
v 18 0
v 19 0
v 20 0
v 21 0
v 22 0
e 0 1 0
e 0 2 0
e 0 3 0
e 0 4 0
e 1 5 0
e 2 6 0
e 3 7 0
e 5 8 0
e 5 9 0
e 6 10 0
e 6 11 0
e 7 12 0
e 7 13 0
e 8 14 0
e 9 15 0
e 10 16 0
e 11 17 0
e 12 18 0
e 13 19 0
e 14 20 0
e 15 20 0
e 16 21 0
e 17 21 0
e 18 22 0
e 19 22 0

t # 18 29
v 0 1
v 1 0
v 2 0
v 3 0
v 4 0
v 5 0
v 6 0
v 7 0
v 8 0
v 9 0
v 10 0
v 11 0
v 12 1
v 13 1
v 14 0
v 15 0
v 16 0
v 17 0
v 18 0
v 19 0
v 20 0
v 21 0
v 22 1
v 23 0
v 24 0
v 25 0
v 26 0
v 27 0
v 28 0
e 0 1 0
e 1 2 0
e 1 3 0
e 2 4 0
e 2 5 0
e 3 6 0
e 3 7 0
e 4 8 0
e 4 9 0
e 5 10 0
e 6 11 0
e 7 12 0
e 7 8 0
e 8 13 0
e 9 14 0
e 10 14 0
e 11 15 0
e 15 16 0
e 16 17 0
e 16 18 0
e 17 19 0
e 18 20 0
e 19 21 0
e 20 21 0
e 21 22 0
e 22 23 0
e 23 24 0
e 23 25 0
e 24 26 0
e 25 27 0
e 26 28 0
e 27 28 0

t # 19 37
v 0 5
v 1 1
v 2 3
v 3 1
v 4 0
v 5 5
v 6 0
v 7 0
v 8 0
v 9 0
v 10 3
v 11 1
v 12 0
v 13 0
v 14 0
v 15 0
v 16 0
v 17 0
v 18 0
v 19 0
v 20 0
v 21 0
v 22 0
v 23 0
v 24 0
v 25 0
v 26 0
v 27 0
v 28 0
v 29 0
v 30 3
v 31 0
v 32 1
v 33 1
v 34 3
v 35 1
v 36 1
e 0 1 0
e 0 2 0
e 0 3 0
e 0 4 0
e 1 5 0
e 2 6 0
e 2 7 0
e 4 8 0
e 4 9 0
e 5 10 0
e 5 11 0
e 5 12 0
e 6 13 0
e 6 14 0
e 7 15 0
e 7 16 0
e 8 17 0
e 9 18 0
e 10 19 0
e 10 20 0
e 12 21 0
e 12 22 0
e 17 23 0
e 18 23 0
e 19 24 0
e 19 25 0
e 20 26 0
e 20 27 0
e 21 28 0
e 22 29 0
e 23 30 0
e 28 31 0
e 29 31 0
e 30 32 0
e 30 33 0
e 31 34 0
e 34 35 0
e 34 36 0

t # 20 14
v 0 0
v 1 0
v 2 4
v 3 0
v 4 4
v 5 0
v 6 0
v 7 0
v 8 0
v 9 0
v 10 0
v 11 0
v 12 0
v 13 0
e 0 1 0
e 0 2 0
e 0 3 0
e 1 4 0
e 1 5 0
e 2 6 0
e 3 7 0
e 4 8 0
e 5 9 0
e 6 10 0
e 6 8 0
e 7 9 0
e 8 11 0
e 10 12 0
e 11 13 0
e 12 13 0

t # 21 9
v 0 0
v 1 4
v 2 0
v 3 1
v 4 1
v 5 1
v 6 0
v 7 0
v 8 0
e 0 1 0
e 0 2 0
e 1 3 0
e 1 4 0
e 1 5 0
e 2 6 0
e 6 7 0
e 6 8 0

t # 22 18
v 0 3
v 1 0
v 2 0
v 3 3
v 4 3
v 5 0
v 6 0
v 7 0
v 8 0
v 9 0
v 10 0
v 11 0
v 12 0
v 13 0
v 14 0
v 15 0
v 16 0
v 17 0
e 0 1 0
e 0 2 0
e 1 3 0
e 1 4 0
e 2 5 0
e 2 6 0
e 3 7 0
e 5 8 0
e 5 9 0
e 6 10 0
e 7 11 0
e 7 12 0
e 9 13 0
e 10 13 0
e 11 14 0
e 11 15 0
e 12 16 0
e 15 17 0
e 16 17 0

t # 23 14
v 0 5
v 1 3
v 2 3
v 3 3
v 4 4
v 5 0
v 6 0
v 7 0
v 8 0
v 9 0
v 10 0
v 11 0
v 12 0
v 13 0
e 0 1 0
e 0 2 0
e 0 3 0
e 0 4 0
e 1 5 0
e 2 6 0
e 3 7 0
e 5 8 0
e 6 9 0
e 7 10 0
e 8 11 0
e 9 12 0
e 10 13 0

t # 24 41
v 0 5
v 1 3
v 2 3
v 3 3
v 4 4
v 5 0
v 6 0
v 7 0
v 8 0
v 9 0
v 10 0
v 11 0
v 12 0
v 13 0
v 14 0
v 15 0
v 16 0
v 17 0
v 18 0
v 19 0
v 20 0
v 21 0
v 22 0
v 23 0
v 24 0
v 25 0
v 26 0
v 27 0
v 28 0
v 29 0
v 30 0
v 31 0
v 32 0
v 33 0
v 34 0
v 35 0
v 36 0
v 37 0
v 38 0
v 39 0
v 40 0
e 0 1 0
e 0 2 0
e 0 3 0
e 0 4 0
e 1 5 0
e 2 6 0
e 3 7 0
e 5 8 0
e 6 9 0
e 7 10 0
e 8 11 0
e 9 12 0
e 10 13 0
e 11 14 0
e 12 15 0
e 13 16 0
e 14 17 0
e 15 18 0
e 16 19 0
e 17 20 0
e 18 21 0
e 19 22 0
e 20 23 0
e 21 24 0
e 22 25 0
e 23 26 0
e 24 27 0
e 25 28 0
e 26 29 0
e 27 30 0
e 28 31 0
e 29 32 0
e 30 33 0
e 31 34 0
e 32 35 0
e 33 36 0
e 34 37 0
e 35 38 0
e 36 39 0
e 37 40 0

t # 25 15
v 0 1
v 1 0
v 2 0
v 3 1
v 4 0
v 5 0
v 6 0
v 7 0
v 8 0
v 9 0
v 10 1
v 11 0
v 12 0
v 13 0
v 14 0
e 0 1 0
e 1 2 0
e 1 3 0
e 2 4 0
e 2 5 0
e 3 6 0
e 4 7 0
e 4 8 0
e 5 9 0
e 5 6 0
e 6 10 0
e 7 11 0
e 7 12 0
e 8 13 0
e 9 11 0
e 12 14 0
e 13 14 0

t # 26 23
v 0 5
v 1 3
v 2 3
v 3 3
v 4 4
v 5 0
v 6 0
v 7 0
v 8 0
v 9 0
v 10 0
v 11 0
v 12 0
v 13 0
v 14 0
v 15 0
v 16 0
v 17 0
v 18 0
v 19 0
v 20 0
v 21 0
v 22 0
e 0 1 0
e 0 2 0
e 0 3 0
e 0 4 0
e 1 5 0
e 2 6 0
e 3 7 0
e 5 8 0
e 5 9 0
e 6 10 0
e 6 11 0
e 7 12 0
e 7 13 0
e 8 14 0
e 9 15 0
e 10 16 0
e 11 17 0
e 12 18 0
e 13 19 0
e 14 20 0
e 15 20 0
e 16 21 0
e 17 21 0
e 18 22 0
e 19 22 0

t # 27 16
v 0 6
v 1 0
v 2 0
v 3 0
v 4 0
v 5 0
v 6 0
v 7 0
v 8 3
v 9 0
v 10 0
v 11 3
v 12 0
v 13 0
v 14 6
v 15 0
e 0 1 0
e 1 2 0
e 1 3 0
e 2 4 0
e 2 5 0
e 3 6 0
e 4 7 0
e 4 8 0
e 5 9 0
e 6 8 0
e 7 10 0
e 7 11 0
e 9 10 0
e 10 12 0
e 11 13 0
e 12 14 0
e 12 15 0
e 13 15 0

t # 28 18
v 0 0
v 1 1
v 2 1
v 3 0
v 4 1
v 5 0
v 6 0
v 7 0
v 8 0
v 9 0
v 10 1
v 11 0
v 12 0
v 13 0
v 14 0
v 15 0
v 16 0
v 17 0
e 0 1 0
e 0 2 0
e 0 3 0
e 1 4 0
e 3 5 0
e 3 6 0
e 4 7 0
e 5 8 0
e 6 9 0
e 7 10 0
e 7 11 0
e 8 12 0
e 9 12 0
e 11 13 0
e 11 14 0
e 13 15 0
e 14 16 0
e 15 17 0
e 16 17 0

t # 29 9
v 0 0
v 1 0
v 2 3
v 3 0
v 4 3
v 5 0
v 6 4
v 7 0
v 8 0
e 0 1 0
e 0 2 0
e 0 3 0
e 1 4 0
e 1 5 0
e 2 6 0
e 3 7 0
e 4 6 0
e 5 8 0
e 7 8 0

t # 30 6
v 0 4
v 1 0
v 2 3
v 3 4
v 4 0
v 5 0
e 0 1 0
e 1 2 0
e 1 3 0
e 2 4 0
e 3 5 0
e 4 5 0

t # 31 13
v 0 3
v 1 0
v 2 0
v 3 0
v 4 4
v 5 4
v 6 7
v 7 4
v 8 4
v 9 0
v 10 3
v 11 0
v 12 0
e 0 1 0
e 0 2 0
e 0 3 0
e 3 4 0
e 3 5 0
e 4 6 0
e 5 6 0
e 6 7 0
e 6 8 0
e 7 9 0
e 8 9 0
e 9 10 0
e 10 11 0
e 10 12 0

t # 32 33
v 0 3
v 1 0
v 2 0
v 3 3
v 4 0
v 5 3
v 6 0
v 7 3
v 8 3
v 9 0
v 10 3
v 11 0
v 12 0
v 13 3
v 14 0
v 15 0
v 16 0
v 17 0
v 18 0
v 19 0
v 20 0
v 21 0
v 22 3
v 23 1
v 24 0
v 25 0
v 26 0
v 27 0
v 28 1
v 29 1
v 30 0
v 31 1
v 32 1
e 0 1 0
e 1 2 0
e 1 3 0
e 2 4 0
e 2 5 0
e 3 6 0
e 4 7 0
e 4 8 0
e 5 9 0
e 6 10 0
e 6 8 0
e 7 11 0
e 9 12 0
e 9 11 0
e 12 13 0
e 13 14 0
e 13 15 0
e 15 16 0
e 15 17 0
e 16 18 0
e 17 19 0
e 18 20 0
e 19 20 0
e 20 21 0
e 21 22 0
e 21 23 0
e 22 24 0
e 24 25 0
e 24 26 0
e 25 27 0
e 26 28 0
e 26 29 0
e 27 30 0
e 30 31 0
e 30 32 0

t # 33 12
v 0 1
v 1 0
v 2 0
v 3 0
v 4 0
v 5 1
v 6 0
v 7 3
v 8 3
v 9 1
v 10 1
v 11 3
e 0 1 0
e 0 2 0
e 1 3 0
e 2 4 0
e 2 5 0
e 3 6 0
e 3 7 0
e 4 8 0
e 6 9 0
e 6 10 0
e 8 11 0

t # 34 11
v 0 1
v 1 0
v 2 0
v 3 3
v 4 0
v 5 3
v 6 0
v 7 3
v 8 3
v 9 3
v 10 3
e 0 1 0
e 1 2 0
e 1 3 0
e 2 4 0
e 2 5 0
e 3 6 0
e 4 7 0
e 4 8 0
e 5 9 0
e 6 10 0
e 6 7 0
e 8 9 0

t # 35 14
v 0 1
v 1 4
v 2 0
v 3 0
v 4 1
v 5 1
v 6 0
v 7 0
v 8 0
v 9 1
v 10 4
v 11 0
v 12 1
v 13 1
e 0 1 0
e 0 2 0
e 1 3 0
e 1 4 0
e 1 5 0
e 2 6 0
e 6 7 0
e 7 8 0
e 8 9 0
e 9 10 0
e 10 11 0
e 10 12 0
e 10 13 0

t # 36 11
v 0 4
v 1 0
v 2 0
v 3 3
v 4 0
v 5 3
v 6 0
v 7 3
v 8 3
v 9 0
v 10 3
e 0 1 0
e 1 2 0
e 1 3 0
e 2 4 0
e 2 5 0
e 3 6 0
e 4 7 0
e 4 8 0
e 5 9 0
e 6 10 0
e 6 7 0
e 8 9 0

t # 37 10
v 0 4
v 1 0
v 2 0
v 3 3
v 4 0
v 5 3
v 6 0
v 7 3
v 8 3
v 9 0
e 0 1 0
e 1 2 0
e 1 3 0
e 2 4 0
e 2 5 0
e 3 6 0
e 4 7 0
e 4 8 0
e 5 9 0
e 6 7 0
e 8 9 0

t # 38 29
v 0 1
v 1 0
v 2 0
v 3 0
v 4 0
v 5 0
v 6 0
v 7 1
v 8 0
v 9 0
v 10 0
v 11 0
v 12 0
v 13 0
v 14 1
v 15 0
v 16 0
v 17 0
v 18 0
v 19 0
v 20 3
v 21 0
v 22 0
v 23 0
v 24 1
v 25 1
v 26 0
v 27 1
v 28 0
e 0 1 0
e 0 2 0
e 2 3 0
e 2 4 0
e 3 5 0
e 3 6 0
e 4 7 0
e 4 8 0
e 5 9 0
e 5 10 0
e 6 11 0
e 6 12 0
e 7 13 0
e 8 14 0
e 8 11 0
e 9 15 0
e 9 16 0
e 10 17 0
e 12 18 0
e 14 19 0
e 15 20 0
e 15 18 0
e 16 21 0
e 17 22 0
e 20 23 0
e 21 24 0
e 21 22 0
e 22 25 0
e 23 26 0
e 23 27 0
e 25 28 0

t # 39 8
v 0 3
v 1 0
v 2 0
v 3 0
v 4 0
v 5 0
v 6 6
v 7 6
e 0 1 0
e 0 2 0
e 0 3 0
e 1 4 0
e 2 5 0
e 4 6 0
e 5 7 0

t # 40 4
v 0 4
v 1 0
v 2 0
v 3 1
e 0 1 0
e 0 2 0
e 0 3 0

t # 41 16
v 0 8
v 1 1
v 2 1
v 3 1
v 4 0
v 5 0
v 6 0
v 7 0
v 8 0
v 9 0
v 10 0
v 11 0
v 12 0
v 13 0
v 14 0
v 15 0
e 0 1 0
e 0 2 0
e 0 3 0
e 1 4 0
e 2 5 0
e 3 6 0
e 4 7 0
e 5 8 0
e 6 9 0
e 7 10 0
e 8 11 0
e 9 12 0
e 10 13 0
e 11 14 0
e 12 15 0

t # 42 19
v 0 8
v 1 1
v 2 1
v 3 1
v 4 0
v 5 0
v 6 0
v 7 0
v 8 0
v 9 0
v 10 0
v 11 0
v 12 0
v 13 0
v 14 0
v 15 0
v 16 0
v 17 0
v 18 0
e 0 1 0
e 0 2 0
e 0 3 0
e 1 4 0
e 2 5 0
e 3 6 0
e 4 7 0
e 5 8 0
e 6 9 0
e 7 10 0
e 8 11 0
e 9 12 0
e 10 13 0
e 11 14 0
e 12 15 0
e 13 16 0
e 14 17 0
e 15 18 0

t # 43 26
v 0 1
v 1 0
v 2 8
v 3 0
v 4 0
v 5 0
v 6 1
v 7 1
v 8 0
v 9 0
v 10 0
v 11 1
v 12 0
v 13 0
v 14 0
v 15 0
v 16 0
v 17 8
v 18 1
v 19 1
v 20 0
v 21 0
v 22 0
v 23 0
v 24 0
v 25 0
e 0 1 0
e 0 2 0
e 1 3 0
e 1 4 0
e 1 5 0
e 2 6 0
e 2 7 0
e 3 8 0
e 6 9 0
e 7 10 0
e 8 11 0
e 8 12 0
e 9 13 0
e 9 14 0
e 9 15 0
e 10 16 0
e 10 15 0
e 11 17 0
e 17 18 0
e 17 19 0
e 18 20 0
e 19 21 0
e 20 22 0
e 20 23 0
e 20 24 0
e 21 25 0
e 21 24 0

t # 44 9
v 0 0
v 1 3
v 2 3
v 3 0
v 4 3
v 5 0
v 6 3
v 7 0
v 8 0
e 0 1 0
e 0 2 0
e 0 3 0
e 1 4 0
e 1 5 0
e 2 6 0
e 3 7 0
e 4 6 0
e 5 8 0
e 7 8 0

t # 45 9
v 0 0
v 1 3
v 2 0
v 3 0
v 4 3
v 5 0
v 6 3
v 7 0
v 8 0
e 0 1 0
e 0 2 0
e 0 3 0
e 1 4 0
e 1 5 0
e 2 6 0
e 3 7 0
e 4 6 0
e 5 8 0
e 7 8 0

t # 46 18
v 0 4
v 1 4
v 2 0
v 3 0
v 4 0
v 5 0
v 6 0
v 7 0
v 8 6
v 9 0
v 10 0
v 11 6
v 12 0
v 13 0
v 14 0
v 15 6
v 16 0
v 17 6
e 0 1 0
e 0 2 0
e 1 3 0
e 2 4 0
e 2 5 0
e 3 6 0
e 3 7 0
e 4 8 0
e 4 9 0
e 5 10 0
e 6 11 0
e 6 12 0
e 7 13 0
e 9 14 0
e 10 15 0
e 10 14 0
e 12 16 0
e 13 17 0
e 13 16 0

t # 47 20
v 0 3
v 1 0
v 2 0
v 3 0
v 4 0
v 5 0
v 6 0
v 7 0
v 8 0
v 9 4
v 10 4
v 11 0
v 12 0
v 13 0
v 14 0
v 15 0
v 16 0
v 17 3
v 18 0
v 19 0
e 0 1 0
e 0 2 0
e 0 3 0
e 3 4 0
e 3 5 0
e 4 6 0
e 5 7 0
e 6 8 0
e 7 8 0
e 8 9 0
e 9 10 0
e 10 11 0
e 11 12 0
e 11 13 0
e 12 14 0
e 13 15 0
e 14 16 0
e 15 16 0
e 16 17 0
e 17 18 0
e 17 19 0

t # 48 16
v 0 4
v 1 4
v 2 0
v 3 0
v 4 0
v 5 0
v 6 0
v 7 0
v 8 0
v 9 0
v 10 0
v 11 0
v 12 0
v 13 0
v 14 9
v 15 9
e 0 1 0
e 0 2 0
e 1 3 0
e 2 4 0
e 2 5 0
e 3 6 0
e 3 7 0
e 4 8 0
e 5 9 0
e 6 10 0
e 7 11 0
e 8 12 0
e 9 12 0
e 10 13 0
e 11 13 0
e 12 14 0
e 13 15 0

t # 49 16
v 0 4
v 1 4
v 2 0
v 3 0
v 4 0
v 5 0
v 6 0
v 7 0
v 8 0
v 9 0
v 10 0
v 11 0
v 12 0
v 13 0
v 14 0
v 15 0
e 0 1 0
e 0 2 0
e 1 3 0
e 2 4 0
e 2 5 0
e 3 6 0
e 3 7 0
e 4 8 0
e 5 9 0
e 6 10 0
e 7 11 0
e 8 12 0
e 9 12 0
e 10 13 0
e 11 13 0
e 12 14 0
e 13 15 0

t # 50 18
v 0 4
v 1 4
v 2 0
v 3 0
v 4 0
v 5 0
v 6 0
v 7 0
v 8 0
v 9 0
v 10 0
v 11 0
v 12 0
v 13 0
v 14 1
v 15 1
v 16 0
v 17 0
e 0 1 0
e 0 2 0
e 1 3 0
e 2 4 0
e 2 5 0
e 3 6 0
e 3 7 0
e 4 8 0
e 5 9 0
e 6 10 0
e 7 11 0
e 8 12 0
e 9 12 0
e 10 13 0
e 11 13 0
e 12 14 0
e 13 15 0
e 14 16 0
e 15 17 0

t # 51 9
v 0 0
v 1 1
v 2 1
v 3 0
v 4 3
v 5 0
v 6 0
v 7 0
v 8 0
e 0 1 0
e 0 2 0
e 0 3 0
e 3 4 0
e 3 5 0
e 3 6 0
e 5 7 0
e 6 8 0
e 7 8 0

t # 52 9
v 0 0
v 1 0
v 2 0
v 3 1
v 4 9
v 5 0
v 6 0
v 7 9
v 8 9
e 0 1 0
e 0 2 0
e 0 3 0
e 1 4 0
e 1 5 0
e 1 6 0
e 2 7 0
e 2 8 0

t # 53 10
v 0 4
v 1 0
v 2 0
v 3 1
v 4 4
v 5 0
v 6 0
v 7 4
v 8 0
v 9 0
e 0 1 0
e 0 2 0
e 1 3 0
e 1 4 0
e 2 5 0
e 3 6 0
e 5 7 0
e 6 8 0
e 7 9 0

t # 54 13
v 0 0
v 1 0
v 2 0
v 3 0
v 4 0
v 5 0
v 6 1
v 7 1
v 8 0
v 9 0
v 10 0
v 11 1
v 12 0
e 0 1 0
e 0 2 0
e 0 3 0
e 0 4 0
e 1 5 0
e 2 6 0
e 3 7 0
e 5 8 0
e 5 9 0
e 6 10 0
e 8 11 0
e 10 12 0

t # 55 6
v 0 0
v 1 1
v 2 1
v 3 0
v 4 0
v 5 0
e 0 1 0
e 0 2 0
e 0 3 0
e 3 4 0
e 3 5 0
e 4 5 0

t # 56 13
v 0 0
v 1 1
v 2 1
v 3 0
v 4 1
v 5 0
v 6 0
v 7 0
v 8 0
v 9 1
v 10 0
v 11 1
v 12 1
e 0 1 0
e 0 2 0
e 0 3 0
e 3 4 0
e 3 5 0
e 3 6 0
e 5 7 0
e 6 8 0
e 7 9 0
e 7 10 0
e 8 11 0
e 8 10 0
e 10 12 0

t # 57 12
v 0 0
v 1 1
v 2 1
v 3 0
v 4 0
v 5 0
v 6 3
v 7 0
v 8 0
v 9 6
v 10 0
v 11 6
e 0 1 0
e 0 2 0
e 0 3 0
e 3 4 0
e 3 5 0
e 4 6 0
e 4 7 0
e 5 8 0
e 7 9 0
e 7 10 0
e 8 11 0
e 8 10 0

t # 58 9
v 0 0
v 1 1
v 2 0
v 3 0
v 4 0
v 5 4
v 6 4
v 7 0
v 8 0
e 0 1 0
e 0 2 0
e 1 3 0
e 2 4 0
e 3 5 0
e 3 6 0
e 4 7 0
e 7 8 0

t # 59 16
v 0 4
v 1 1
v 2 1
v 3 1
v 4 0
v 5 0
v 6 0
v 7 0
v 8 0
v 9 0
v 10 1
v 11 1
v 12 0
v 13 3
v 14 1
v 15 1
e 0 1 0
e 0 2 0
e 0 3 0
e 0 4 0
e 4 5 0
e 4 6 0
e 5 7 0
e 5 8 0
e 6 9 0
e 7 10 0
e 7 11 0
e 8 12 0
e 9 13 0
e 9 12 0
e 13 14 0
e 13 15 0

t # 60 12
v 0 0
v 1 3
v 2 1
v 3 0
v 4 0
v 5 0
v 6 0
v 7 0
v 8 1
v 9 0
v 10 1
v 11 1
e 0 1 0
e 0 2 0
e 0 3 0
e 3 4 0
e 3 5 0
e 4 6 0
e 5 7 0
e 6 8 0
e 6 9 0
e 7 10 0
e 7 9 0
e 9 11 0

t # 61 8
v 0 4
v 1 0
v 2 0
v 3 0
v 4 0
v 5 0
v 6 0
v 7 4
e 0 1 0
e 0 2 0
e 0 3 0
e 1 4 0
e 2 5 0
e 3 6 0
e 4 7 0
e 5 7 0
e 6 7 0

t # 62 13
v 0 4
v 1 1
v 2 1
v 3 1
v 4 0
v 5 0
v 6 0
v 7 6
v 8 0
v 9 0
v 10 0
v 11 6
v 12 3
e 0 1 0
e 0 2 0
e 0 3 0
e 0 4 0
e 4 5 0
e 4 6 0
e 5 7 0
e 5 8 0
e 6 9 0
e 8 10 0
e 9 11 0
e 9 10 0
e 10 12 0

t # 63 16
v 0 0
v 1 4
v 2 0
v 3 1
v 4 1
v 5 1
v 6 0
v 7 0
v 8 0
v 9 0
v 10 0
v 11 0
v 12 0
v 13 0
v 14 1
v 15 9
e 0 1 0
e 0 2 0
e 1 3 0
e 1 4 0
e 1 5 0
e 2 6 0
e 2 7 0
e 2 8 0
e 7 9 0
e 7 10 0
e 7 11 0
e 8 12 0
e 8 13 0
e 10 14 0
e 10 12 0
e 11 13 0
e 12 15 0

t # 64 10
v 0 0
v 1 0
v 2 0
v 3 0
v 4 0
v 5 1
v 6 1
v 7 1
v 8 1
v 9 0
e 0 1 0
e 0 2 0
e 0 3 0
e 0 4 0
e 1 5 0
e 1 6 0
e 2 7 0
e 2 8 0
e 3 9 0

t # 65 10
v 0 0
v 1 0
v 2 0
v 3 0
v 4 0
v 5 0
v 6 1
v 7 1
v 8 1
v 9 1
e 0 1 0
e 0 2 0
e 0 3 0
e 1 4 0
e 1 5 0
e 2 6 0
e 2 7 0
e 3 8 0
e 3 9 0

t # 66 14
v 0 0
v 1 0
v 2 1
v 3 0
v 4 1
v 5 1
v 6 0
v 7 0
v 8 0
v 9 1
v 10 0
v 11 0
v 12 0
v 13 0
e 0 1 0
e 0 2 0
e 0 3 0
e 1 4 0
e 1 5 0
e 3 6 0
e 3 7 0
e 4 8 0
e 6 9 0
e 6 10 0
e 7 11 0
e 8 12 0
e 10 13 0
e 11 13 0

t # 67 16
v 0 4
v 1 3
v 2 1
v 3 1
v 4 0
v 5 0
v 6 0
v 7 0
v 8 0
v 9 0
v 10 0
v 11 1
v 12 1
v 13 0
v 14 0
v 15 0
e 0 1 0
e 0 2 0
e 0 3 0
e 0 4 0
e 1 5 0
e 4 6 0
e 4 7 0
e 5 8 0
e 6 9 0
e 7 10 0
e 8 11 0
e 8 12 0
e 9 13 0
e 10 13 0
e 11 14 0
e 14 15 0

t # 68 10
v 0 3
v 1 0
v 2 0
v 3 0
v 4 0
v 5 0
v 6 1
v 7 0
v 8 0
v 9 3
e 0 1 0
e 0 2 0
e 0 3 0
e 1 4 0
e 1 5 0
e 1 6 0
e 2 7 0
e 3 8 0
e 4 9 0

t # 69 16
v 0 1
v 1 0
v 2 0
v 3 0
v 4 0
v 5 0
v 6 0
v 7 0
v 8 1
v 9 0
v 10 0
v 11 0
v 12 0
v 13 0
v 14 0
v 15 0
e 0 1 0
e 1 2 0
e 1 3 0
e 2 4 0
e 2 5 0
e 3 6 0
e 3 7 0
e 4 8 0
e 4 9 0
e 5 10 0
e 6 11 0
e 6 8 0
e 7 12 0
e 9 13 0
e 9 14 0
e 10 14 0
e 11 15 0
e 12 15 0

t # 70 41
v 0 0
v 1 1
v 2 0
v 3 1
v 4 0
v 5 0
v 6 0
v 7 0
v 8 1
v 9 0
v 10 0
v 11 0
v 12 0
v 13 0
v 14 1
v 15 0
v 16 0
v 17 0
v 18 0
v 19 0
v 20 1
v 21 0
v 22 0
v 23 0
v 24 0
v 25 1
v 26 0
v 27 0
v 28 1
v 29 0
v 30 0
v 31 1
v 32 0
v 33 0
v 34 1
v 35 0
v 36 0
v 37 1
v 38 0
v 39 0
v 40 1
e 0 1 0
e 0 2 0
e 0 3 0
e 1 4 0
e 2 5 0
e 4 6 0
e 5 7 0
e 6 8 0
e 7 9 0
e 8 10 0
e 9 11 0
e 10 12 0
e 11 13 0
e 12 14 0
e 13 15 0
e 14 16 0
e 15 17 0
e 16 18 0
e 17 19 0
e 18 20 0
e 19 21 0
e 20 22 0
e 21 23 0
e 22 24 0
e 24 25 0
e 25 26 0
e 26 27 0
e 27 28 0
e 28 29 0
e 29 30 0
e 30 31 0
e 31 32 0
e 32 33 0
e 33 34 0
e 34 35 0
e 35 36 0
e 36 37 0
e 37 38 0
e 38 39 0
e 39 40 0

t # 71 13
v 0 10
v 1 3
v 2 3
v 3 3
v 4 3
v 5 3
v 6 3
v 7 0
v 8 0
v 9 0
v 10 0
v 11 0
v 12 0
e 0 1 0
e 0 2 0
e 0 3 0
e 0 4 0
e 0 5 0
e 0 6 0
e 1 7 0
e 2 8 0
e 3 9 0
e 4 10 0
e 5 11 0
e 6 12 0
e 7 12 0
e 8 11 0
e 9 10 0

t # 72 14
v 0 0
v 1 4
v 2 1
v 3 4
v 4 4
v 5 0
v 6 0
v 7 0
v 8 0
v 9 1
v 10 4
v 11 0
v 12 0
v 13 0
e 0 1 0
e 0 2 0
e 0 3 0
e 1 4 0
e 2 5 0
e 4 6 0
e 5 7 0
e 5 8 0
e 6 9 0
e 6 10 0
e 9 11 0
e 11 12 0
e 11 13 0

t # 73 38
v 0 1
v 1 0
v 2 0
v 3 3
v 4 1
v 5 0
v 6 0
v 7 0
v 8 0
v 9 1
v 10 0
v 11 1
v 12 0
v 13 0
v 14 1
v 15 0
v 16 1
v 17 0
v 18 0
v 19 0
v 20 0
v 21 0
v 22 3
v 23 1
v 24 3
v 25 1
v 26 0
v 27 0
v 28 0
v 29 0
v 30 0
v 31 0
v 32 0
v 33 0
v 34 0
v 35 0
v 36 0
v 37 0
e 0 1 0
e 0 2 0
e 1 3 0
e 1 4 0
e 2 5 0
e 2 6 0
e 3 7 0
e 5 8 0
e 5 9 0
e 6 10 0
e 6 11 0
e 7 12 0
e 7 13 0
e 8 14 0
e 9 15 0
e 10 16 0
e 11 15 0
e 12 17 0
e 13 18 0
e 14 19 0
e 16 20 0
e 17 21 0
e 18 21 0
e 19 22 0
e 19 23 0
e 20 24 0
e 20 25 0
e 22 26 0
e 24 27 0
e 26 28 0
e 26 29 0
e 27 30 0
e 27 31 0
e 28 32 0
e 29 33 0
e 30 34 0
e 31 35 0
e 32 36 0
e 33 36 0
e 34 37 0
e 35 37 0

t # 74 12
v 0 0
v 1 1
v 2 0
v 3 0
v 4 1
v 5 0
v 6 1
v 7 0
v 8 1
v 9 0
v 10 0
v 11 1
e 0 1 0
e 0 2 0
e 2 3 0
e 2 4 0
e 3 5 0
e 3 6 0
e 4 7 0
e 5 8 0
e 5 9 0
e 6 10 0
e 7 8 0
e 9 11 0
e 10 11 0

t # 75 28
v 0 1
v 1 0
v 2 0
v 3 0
v 4 1
v 5 0
v 6 0
v 7 0
v 8 0
v 9 1
v 10 1
v 11 0
v 12 1
v 13 0
v 14 0
v 15 1
v 16 0
v 17 1
v 18 0
v 19 1
v 20 0
v 21 0
v 22 1
v 23 0
v 24 0
v 25 1
v 26 0
v 27 1
e 0 1 0
e 0 2 0
e 1 3 0
e 1 4 0
e 2 5 0
e 2 6 0
e 5 7 0
e 5 8 0
e 5 9 0
e 6 10 0
e 6 11 0
e 7 12 0
e 7 13 0
e 8 9 0
e 10 14 0
e 11 15 0
e 11 13 0
e 12 16 0
e 13 17 0
e 14 18 0
e 14 19 0
e 15 20 0
e 16 21 0
e 16 22 0
e 17 23 0
e 20 24 0
e 20 25 0
e 23 26 0
e 23 27 0

t # 76 14
v 0 0
v 1 3
v 2 1
v 3 3
v 4 0
v 5 0
v 6 0
v 7 0
v 8 0
v 9 0
v 10 0
v 11 0
v 12 3
v 13 0
e 0 1 0
e 0 2 0
e 0 3 0
e 1 4 0
e 1 5 0
e 3 6 0
e 3 7 0
e 4 8 0
e 5 9 0
e 6 10 0
e 7 11 0
e 10 12 0
e 11 12 0
e 12 13 0

t # 77 32
v 0 1
v 1 0
v 2 0
v 3 0
v 4 1
v 5 0
v 6 0
v 7 1
v 8 0
v 9 1
v 10 0
v 11 0
v 12 1
v 13 0
v 14 1
v 15 0
v 16 0
v 17 0
v 18 0
v 19 0
v 20 1
v 21 0
v 22 0
v 23 0
v 24 0
v 25 1
v 26 0
v 27 0
v 28 0
v 29 0
v 30 0
v 31 0
e 0 1 0
e 0 2 0
e 1 3 0
e 1 4 0
e 2 5 0
e 2 6 0
e 5 7 0
e 5 8 0
e 6 9 0
e 7 10 0
e 8 11 0
e 8 12 0
e 9 10 0
e 10 13 0
e 11 14 0
e 11 15 0
e 12 16 0
e 13 17 0
e 13 18 0
e 14 19 0
e 15 20 0
e 16 21 0
e 16 20 0
e 17 22 0
e 18 23 0
e 19 24 0
e 19 25 0
e 21 26 0
e 21 27 0
e 22 28 0
e 23 28 0
e 26 29 0
e 27 30 0
e 29 31 0
e 30 31 0

t # 78 10
v 0 1
v 1 0
v 2 0
v 3 3
v 4 0
v 5 0
v 6 0
v 7 3
v 8 3
v 9 3
e 0 1 0
e 1 2 0
e 1 3 0
e 2 4 0
e 2 5 0
e 3 6 0
e 4 7 0
e 4 8 0
e 5 9 0
e 6 7 0
e 8 9 0

t # 79 15
v 0 1
v 1 2
v 2 1
v 3 1
v 4 1
v 5 1
v 6 1
v 7 0
v 8 0
v 9 0
v 10 0
v 11 1
v 12 1
v 13 1
v 14 1
e 0 1 0
e 1 2 0
e 1 3 0
e 1 4 0
e 1 5 0
e 1 6 0
e 3 7 0
e 4 8 0
e 5 9 0
e 6 10 0
e 7 11 0
e 7 10 0
e 8 12 0
e 8 9 0
e 9 13 0
e 10 14 0

t # 80 12
v 0 3
v 1 1
v 2 0
v 3 0
v 4 0
v 5 1
v 6 0
v 7 1
v 8 0
v 9 3
v 10 0
v 11 1
e 0 1 0
e 0 2 0
e 2 3 0
e 2 4 0
e 3 5 0
e 3 6 0
e 4 7 0
e 4 8 0
e 6 9 0
e 6 10 0
e 8 10 0
e 9 11 0

t # 81 14
v 0 3
v 1 0
v 2 0
v 3 0
v 4 0
v 5 0
v 6 0
v 7 0
v 8 0
v 9 0
v 10 0
v 11 0
v 12 0
v 13 1
e 0 1 0
e 0 2 0
e 1 3 0
e 1 4 0
e 2 5 0
e 2 6 0
e 3 7 0
e 4 8 0
e 5 9 0
e 6 10 0
e 7 11 0
e 8 11 0
e 9 12 0
e 10 12 0
e 11 13 0

t # 82 14
v 0 0
v 1 0
v 2 0
v 3 0
v 4 0
v 5 0
v 6 0
v 7 1
v 8 0
v 9 0
v 10 0
v 11 0
v 12 0
v 13 1
e 0 1 0
e 0 2 0
e 1 3 0
e 2 4 0
e 2 5 0
e 3 6 0
e 4 7 0
e 4 8 0
e 5 9 0
e 6 10 0
e 8 11 0
e 9 11 0
e 10 12 0
e 11 13 0

t # 83 18
v 0 0
v 1 0
v 2 3
v 3 0
v 4 0
v 5 0
v 6 0
v 7 0
v 8 3
v 9 3
v 10 3
v 11 0
v 12 0
v 13 0
v 14 0
v 15 0
v 16 0
v 17 0
e 0 1 0
e 0 2 0
e 1 3 0
e 2 4 0
e 2 5 0
e 2 6 0
e 3 7 0
e 4 8 0
e 5 9 0
e 6 10 0
e 7 11 0
e 8 12 0
e 8 13 0
e 9 14 0
e 9 13 0
e 10 12 0
e 10 14 0
e 11 15 0
e 15 16 0
e 16 17 0

t # 84 16
v 0 0
v 1 0
v 2 0
v 3 1
v 4 1
v 5 0
v 6 1
v 7 0
v 8 1
v 9 0
v 10 0
v 11 0
v 12 1
v 13 0
v 14 1
v 15 1
e 0 1 0
e 0 2 0
e 0 3 0
e 0 4 0
e 5 6 0
e 5 7 0
e 7 8 0
e 7 9 0
e 7 10 0
e 9 11 0
e 9 12 0
e 9 13 0
e 10 14 0
e 10 13 0
e 13 15 0

t # 85 16
v 0 0
v 1 1
v 2 0
v 3 0
v 4 0
v 5 1
v 6 0
v 7 1
v 8 1
v 9 0
v 10 0
v 11 1
v 12 0
v 13 0
v 14 1
v 15 1
e 0 1 0
e 0 2 0
e 0 3 0
e 2 4 0
e 2 5 0
e 3 6 0
e 3 7 0
e 4 8 0
e 4 9 0
e 5 10 0
e 6 11 0
e 6 12 0
e 7 13 0
e 9 14 0
e 10 14 0
e 12 15 0
e 13 15 0

t # 86 12
v 0 0
v 1 3
v 2 4
v 3 4
v 4 0
v 5 0
v 6 4
v 7 0
v 8 3
v 9 4
v 10 0
v 11 0
e 0 1 0
e 0 2 0
e 0 3 0
e 1 4 0
e 1 5 0
e 2 6 0
e 6 7 0
e 7 8 0
e 7 9 0
e 8 10 0
e 8 11 0

t # 87 28
v 0 4
v 1 1
v 2 1
v 3 1
v 4 0
v 5 0
v 6 0
v 7 0
v 8 0
v 9 0
v 10 0
v 11 0
v 12 3
v 13 0
v 14 1
v 15 1
v 16 0
v 17 0
v 18 4
v 19 0
v 20 0
v 21 1
v 22 1
v 23 1
v 24 0
v 25 3
v 26 1
v 27 1
e 0 1 0
e 0 2 0
e 0 3 0
e 0 4 0
e 4 5 0
e 4 6 0
e 5 7 0
e 5 8 0
e 6 9 0
e 7 10 0
e 8 11 0
e 9 12 0
e 9 11 0
e 10 13 0
e 12 14 0
e 12 15 0
e 13 16 0
e 13 17 0
e 16 18 0
e 16 19 0
e 17 20 0
e 18 21 0
e 18 22 0
e 18 23 0
e 19 24 0
e 20 24 0
e 24 25 0
e 25 26 0
e 25 27 0

t # 88 39
v 0 11
v 1 4
v 2 4
v 3 3
v 4 3
v 5 3
v 6 3
v 7 0
v 8 0
v 9 0
v 10 0
v 11 0
v 12 0
v 13 0
v 14 0
v 15 0
v 16 0
v 17 3
v 18 3
v 19 0
v 20 0
v 21 0
v 22 0
v 23 0
v 24 0
v 25 0
v 26 0
v 27 0
v 28 0
v 29 0
v 30 0
v 31 0
v 32 0
v 33 0
v 34 0
v 35 0
v 36 0
v 37 0
v 38 0
e 0 1 0
e 0 2 0
e 0 3 0
e 0 4 0
e 0 5 0
e 0 6 0
e 1 7 0
e 2 8 0
e 3 9 0
e 3 10 0
e 4 11 0
e 4 12 0
e 5 13 0
e 5 14 0
e 6 15 0
e 6 16 0
e 7 17 0
e 8 18 0
e 9 19 0
e 10 20 0
e 11 21 0
e 12 22 0
e 13 23 0
e 14 24 0
e 15 25 0
e 16 26 0
e 19 27 0
e 20 27 0
e 21 28 0
e 22 28 0
e 23 29 0
e 24 29 0
e 25 30 0
e 26 30 0
e 27 31 0
e 28 32 0
e 29 33 0
e 30 34 0
e 31 35 0
e 32 36 0
e 33 37 0
e 34 38 0

t # 89 7
v 0 3
v 1 0
v 2 3
v 3 3
v 4 0
v 5 3
v 6 3
e 0 1 0
e 1 2 0
e 1 3 0
e 2 4 0
e 3 5 0
e 4 6 0
e 4 5 0

t # 90 7
v 0 0
v 1 4
v 2 0
v 3 1
v 4 1
v 5 1
v 6 1
e 0 1 0
e 0 2 0
e 1 3 0
e 1 4 0
e 1 5 0
e 2 6 0

t # 91 7
v 0 1
v 1 0
v 2 3
v 3 0
v 4 0
v 5 4
v 6 4
e 0 1 0
e 1 2 0
e 1 3 0
e 2 4 0
e 3 5 0
e 4 6 0
e 4 5 0

t # 92 15
v 0 0
v 1 0
v 2 0
v 3 0
v 4 0
v 5 3
v 6 0
v 7 4
v 8 4
v 9 3
v 10 0
v 11 0
v 12 0
v 13 0
v 14 0
e 0 1 0
e 0 2 0
e 1 3 0
e 2 4 0
e 3 5 0
e 4 5 0
e 6 7 0
e 6 8 0
e 6 9 0
e 9 10 0
e 9 11 0
e 10 12 0
e 11 13 0
e 12 14 0
e 13 14 0

t # 93 6
v 0 0
v 1 4
v 2 4
v 3 0
v 4 0
v 5 4
e 0 1 0
e 0 2 0
e 1 3 0
e 2 4 0
e 3 5 0
e 4 5 0

t # 94 11
v 0 0
v 1 0
v 2 0
v 3 0
v 4 0
v 5 0
v 6 1
v 7 1
v 8 0
v 9 1
v 10 1
e 0 1 0
e 0 3 0
e 0 5 0
e 0 8 0
e 1 2 0
e 3 4 0
e 5 6 0
e 5 7 0
e 8 9 0
e 8 10 0

t # 95 16
v 0 0
v 1 0
v 2 0
v 3 0
v 4 0
v 5 3
v 6 0
v 7 0
v 8 0
v 9 0
v 10 0
v 11 0
v 12 0
v 13 0
v 14 0
v 15 0
e 0 1 0
e 0 2 0
e 0 3 0
e 1 4 0
e 2 5 0
e 3 6 0
e 3 7 0
e 4 8 0
e 4 9 0
e 6 10 0
e 7 11 0
e 8 12 0
e 9 13 0
e 10 14 0
e 11 14 0
e 12 15 0
e 13 15 0

t # 96 6
v 0 3
v 1 0
v 2 0
v 3 3
v 4 3
v 5 3
e 0 1 0
e 0 2 0
e 1 3 0
e 1 4 0
e 2 5 0

t # 97 26
v 0 1
v 1 0
v 2 0
v 3 0
v 4 0
v 5 0
v 6 0
v 7 0
v 8 0
v 9 0
v 10 0
v 11 0
v 12 1
v 13 1
v 14 0
v 15 0
v 16 0
v 17 0
v 18 0
v 19 0
v 20 0
v 21 0
v 22 0
v 23 0
v 24 0
v 25 0
e 0 1 0
e 1 2 0
e 1 3 0
e 2 4 0
e 2 5 0
e 3 6 0
e 3 7 0
e 4 8 0
e 4 9 0
e 5 10 0
e 6 11 0
e 7 12 0
e 7 8 0
e 8 13 0
e 9 14 0
e 10 14 0
e 11 15 0
e 15 16 0
e 16 17 0
e 16 18 0
e 17 19 0
e 18 20 0
e 19 21 0
e 19 22 0
e 20 21 0
e 21 23 0
e 22 24 0
e 23 25 0
e 24 25 0

t # 98 14
v 0 3
v 1 1
v 2 1
v 3 0
v 4 0
v 5 0
v 6 0
v 7 1
v 8 0
v 9 12
v 10 0
v 11 1
v 12 1
v 13 1
e 0 1 0
e 0 2 0
e 0 3 0
e 3 4 0
e 3 5 0
e 4 6 0
e 5 7 0
e 5 8 0
e 6 9 0
e 6 10 0
e 8 10 0
e 9 11 0
e 9 12 0
e 9 13 0

t # 99 10
v 0 0
v 1 1
v 2 1
v 3 0
v 4 0
v 5 0
v 6 4
v 7 0
v 8 0
v 9 0
e 0 1 0
e 0 2 0
e 0 3 0
e 3 4 0
e 3 5 0
e 4 6 0
e 4 7 0
e 5 8 0
e 7 9 0
e 8 9 0
