t # 0 3
v 0 0
v 1 0
v 2 0
e 0 1 0
e 1 2 0
e 2 0 0
t # 1 24
v 0 0
v 1 0
v 2 0
v 3 0
v 4 0
v 5 0
v 6 0
v 7 0
v 8 0
v 9 0
v 10 0
v 11 0
v 12 0
v 13 0
v 14 0
v 15 0
v 16 0
v 17 0
v 18 0
v 19 0
v 20 0
v 21 0
v 22 0
v 23 0
e 0 1 0
e 1 2 0
e 2 3 0
e 3 4 0
e 4 5 0
e 5 6 0
e 6 7 0
e 7 8 0
e 8 9 0
e 9 10 0
e 10 11 0
e 11 12 0
e 12 13 0
e 13 14 0
e 14 15 0
e 15 16 0
e 16 17 0
e 17 18 0
e 18 19 0
e 19 20 0
e 20 21 0
e 21 22 0
e 22 23 0
t # 2 23
v 0 0
v 1 0
v 2 0
v 3 0
v 4 0
v 5 0
v 6 0
v 7 0
v 8 0
v 9 0
v 10 0
v 11 0
v 12 0
v 13 0
v 14 0
v 15 0
v 16 0
v 17 0
v 18 0
v 19 0
v 20 0
v 21 0
v 22 0
e 0 1 0
e 1 2 0
e 2 3 0
e 3 4 0
e 4 5 0
e 5 6 0
e 6 7 0
e 7 8 0
e 8 9 0
e 9 10 0
e 10 11 0
e 11 12 0
e 12 13 0
e 13 14 0
e 14 15 0
e 15 16 0
e 16 17 0
e 17 18 0
e 18 19 0
e 19 20 0
e 20 21 0
e 21 22 0
t # 3 22
v 0 0
v 1 0
v 2 0
v 3 0
v 4 0
v 5 0
v 6 0
v 7 0
v 8 0
v 9 0
v 10 0
v 11 0
v 12 0
v 13 0
v 14 0
v 15 0
v 16 0
v 17 0
v 18 0
v 19 0
v 20 0
v 21 0
e 0 1 0
e 1 2 0
e 2 3 0
e 3 4 0
e 4 5 0
e 5 6 0
e 6 7 0
e 7 8 0
e 8 9 0
e 9 10 0
e 10 11 0
e 11 12 0
e 12 13 0
e 13 14 0
e 14 15 0
e 15 16 0
e 16 17 0
e 17 18 0
e 18 19 0
e 19 20 0
e 20 21 0
t # 4 21
v 0 0
v 1 0
v 2 0
v 3 0
v 4 0
v 5 0
v 6 0
v 7 0
v 8 0
v 9 0
v 10 0
v 11 0
v 12 0
v 13 0
v 14 0
v 15 0
v 16 0
v 17 0
v 18 0
v 19 0
v 20 0
e 0 1 0
e 1 2 0
e 2 3 0
e 3 4 0
e 4 5 0
e 5 6 0
e 6 7 0
e 7 8 0
e 8 9 0
e 9 10 0
e 10 11 0
e 11 12 0
e 12 13 0
e 13 14 0
e 14 15 0
e 15 16 0
e 16 17 0
e 17 18 0
e 18 19 0
e 19 20 0
t # 5 20
v 0 0
v 1 0
v 2 0
v 3 0
v 4 0
v 5 0
v 6 0
v 7 0
v 8 0
v 9 0
v 10 0
v 11 0
v 12 0
v 13 0
v 14 0
v 15 0
v 16 0
v 17 0
v 18 0
v 19 0
e 0 1 0
e 1 2 0
e 2 3 0
e 3 4 0
e 4 5 0
e 5 6 0
e 6 7 0
e 7 8 0
e 8 9 0
e 9 10 0
e 10 11 0
e 11 12 0
e 12 13 0
e 13 14 0
e 14 15 0
e 15 16 0
e 16 17 0
e 17 18 0
e 18 19 0
t # 6 19
v 0 0
v 1 0
v 2 0
v 3 0
v 4 0
v 5 0
v 6 0
v 7 0
v 8 0
v 9 0
v 10 0
v 11 0
v 12 0
v 13 0
v 14 0
v 15 0
v 16 0
v 17 0
v 18 0
e 0 1 0
e 1 2 0
e 2 3 0
e 3 4 0
e 4 5 0
e 5 6 0
e 6 7 0
e 7 8 0
e 8 9 0
e 9 10 0
e 10 11 0
e 11 12 0
e 12 13 0
e 13 14 0
e 14 15 0
e 15 16 0
e 16 17 0
e 17 18 0
t # 7 18
v 0 0
v 1 0
v 2 0
v 3 0
v 4 0
v 5 0
v 6 0
v 7 0
v 8 0
v 9 0
v 10 0
v 11 0
v 12 0
v 13 0
v 14 0
v 15 0
v 16 0
v 17 0
e 0 1 0
e 1 2 0
e 2 3 0
e 3 4 0
e 4 5 0
e 5 6 0
e 6 7 0
e 7 8 0
e 8 9 0
e 9 10 0
e 10 11 0
e 11 12 0
e 12 13 0
e 13 14 0
e 14 15 0
e 15 16 0
e 16 17 0
t # 8 17
v 0 0
v 1 0
v 2 0
v 3 0
v 4 0
v 5 0
v 6 0
v 7 0
v 8 0
v 9 0
v 10 0
v 11 0
v 12 0
v 13 0
v 14 0
v 15 0
v 16 0
e 0 1 0
e 1 2 0
e 2 3 0
e 3 4 0
e 4 5 0
e 5 6 0
e 6 7 0
e 7 8 0
e 8 9 0
e 9 10 0
e 10 11 0
e 11 12 0
e 12 13 0
e 13 14 0
e 14 15 0
e 15 16 0
t # 9 16
v 0 0
v 1 0
v 2 0
v 3 0
v 4 0
v 5 0
v 6 0
v 7 0
v 8 0
v 9 0
v 10 0
v 11 0
v 12 0
v 13 0
v 14 0
v 15 0
e 0 1 0
e 1 2 0
e 2 3 0
e 3 4 0
e 4 5 0
e 5 6 0
e 6 7 0
e 7 8 0
e 8 9 0
e 9 10 0
e 10 11 0
e 11 12 0
e 12 13 0
e 13 14 0
e 14 15 0
t # 10 15
v 0 0
v 1 0
v 2 0
v 3 0
v 4 0
v 5 0
v 6 0
v 7 0
v 8 0
v 9 0
v 10 0
v 11 0
v 12 0
v 13 0
v 14 0
e 0 1 0
e 1 2 0
e 2 3 0
e 3 4 0
e 4 5 0
e 5 6 0
e 6 7 0
e 7 8 0
e 8 9 0
e 9 10 0
e 10 11 0
e 11 12 0
e 12 13 0
e 13 14 0
t # 11 14
v 0 0
v 1 0
v 2 0
v 3 0
v 4 0
v 5 0
v 6 0
v 7 0
v 8 0
v 9 0
v 10 0
v 11 0
v 12 0
v 13 0
e 0 1 0
e 1 2 0
e 2 3 0
e 3 4 0
e 4 5 0
e 5 6 0
e 6 7 0
e 7 8 0
e 8 9 0
e 9 10 0
e 10 11 0
e 11 12 0
e 12 13 0
t # 12 13
v 0 0
v 1 0
v 2 0
v 3 0
v 4 0
v 5 0
v 6 0
v 7 0
v 8 0
v 9 0
v 10 0
v 11 0
v 12 0
e 0 1 0
e 1 2 0
e 2 3 0
e 3 4 0
e 4 5 0
e 5 6 0
e 6 7 0
e 7 8 0
e 8 9 0
e 9 10 0
e 10 11 0
e 11 12 0
t # 13 12
v 0 0
v 1 0
v 2 0
v 3 0
v 4 0
v 5 0
v 6 0
v 7 0
v 8 0
v 9 0
v 10 0
v 11 0
e 0 1 0
e 1 2 0
e 2 3 0
e 3 4 0
e 4 5 0
e 5 6 0
e 6 7 0
e 7 8 0
e 8 9 0
e 9 10 0
e 10 11 0
t # 14 11
v 0 0
v 1 0
v 2 0
v 3 0
v 4 0
v 5 0
v 6 0
v 7 0
v 8 0
v 9 0
v 10 0
e 0 1 0
e 1 2 0
e 2 3 0
e 3 4 0
e 4 5 0
e 5 6 0
e 6 7 0
e 7 8 0
e 8 9 0
e 9 10 0
t # 15 10
v 0 0
v 1 0
v 2 0
v 3 0
v 4 0
v 5 0
v 6 0
v 7 0
v 8 0
v 9 0
e 0 1 0
e 1 2 0
e 2 3 0
e 3 4 0
e 4 5 0
e 5 6 0
e 6 7 0
e 7 8 0
e 8 9 0
t # 16 9
v 0 0
v 1 0
v 2 0
v 3 0
v 4 0
v 5 0
v 6 0
v 7 0
v 8 0
e 0 1 0
e 1 2 0
e 2 3 0
e 3 4 0
e 4 5 0
e 5 6 0
e 6 7 0
e 7 8 0
t # 17 8
v 0 0
v 1 0
v 2 0
v 3 0
v 4 0
v 5 0
v 6 0
v 7 0
e 0 1 0
e 1 2 0
e 2 3 0
e 3 4 0
e 4 5 0
e 5 6 0
e 6 7 0
t # 18 7
v 0 0
v 1 0
v 2 0
v 3 0
v 4 0
v 5 0
v 6 0
e 0 1 0
e 1 2 0
e 2 3 0
e 3 4 0
e 4 5 0
e 5 6 0
t # 19 6
v 0 0
v 1 0
v 2 0
v 3 0
v 4 0
v 5 0
e 0 1 0
e 1 2 0
e 2 3 0
e 3 4 0
e 4 5 0
t # 20 5
v 0 0
v 1 0
v 2 0
v 3 0
v 4 0
e 0 1 0
e 1 2 0
e 2 3 0
e 3 4 0
t # 21 4
v 0 0
v 1 0
v 2 0
v 3 0
e 0 1 0
e 1 2 0
e 2 3 0
t # 22 3
v 0 0
v 1 0
v 2 0
e 0 1 0
e 1 2 0
t # 23 2
v 0 0
v 1 0
e 0 1 0
